  0.43572985
  0.43290043
  0.44742729
  0.45351474
  0.44742729
  0.45977011
  0.44150110
  0.47961631
  0.49019608
  0.44444444
  0.45045045
  0.44444444
  0.44150110
  0.45977011
  0.45977011
  0.48661800
  0.44444444
  0.44444444
  0.47961631
  0.48309179
  0.45662100
  0.44150110
  0.45351474
  0.45351474
  0.46296296
  0.42735043
  0.43859649
  0.45662100
  0.43572985
  0.43290043
  0.44742729
  0.42462845
  0.44742729
  0.42462845
  0.48661800
  0.46296296
  0.48309179
  0.43290043
  0.46620047
  0.45045045
  0.49019608
  0.49751244
  0.45351474
  0.42462845
  0.49751244
  0.49751244
  0.48309179
  0.43859649
  0.45662100
  0.50505051
  0.50890585
  0.52910053
  0.46296296
  0.45977011
  0.45662100
  0.43572985
  0.44444444
  0.44444444
  0.46948357
  0.47619048
  0.46948357
  0.43572985
  0.43290043
  0.50505051
  0.48309179
  0.47619048
  0.42735043
  0.51679587
  0.43290043
  0.49019608
  0.49751244
  0.45977011
  0.48661800
  0.49382716
  0.45045045
  0.44444444
  0.46620047
  0.47281324
  0.44742729
  0.49019608
  0.49019608
  0.47619048
  0.47619048
  0.46296296
  0.45977011
  0.46620047
  0.43859649
  0.44444444
  0.46948357
  0.45662100
  0.47619048
  0.45351474
  0.42194093
  0.44742729
  0.43572985
  0.43290043
  0.49751244
  0.46620047
  0.44444444
  0.41666667
  0.47281324
  0.52910053
  0.52910053
  0.48309179
  0.47281324
  0.45045045
  0.50125313
  0.50125313
  0.46296296
  0.42462845
  0.43010753
  0.42735043
  0.46296296
  0.45977011
  0.45045045
  0.45977011
  0.48309179
  0.45045045
  0.46296296
  0.50890585
  0.44742729
  0.48309179
  0.48309179
  0.46620047
  0.46296296
  0.47281324
  0.48309179
  0.45351474
  0.52083333
  0.46620047
  0.50505051
  0.47281324
  0.50505051
  0.50505051
  0.50125313
  0.48661800
  0.46948357
  0.50890585
  0.44150110
  0.44742729
  0.51282051
  0.47961631
  0.47281324
  0.46296296
  0.52493438
  0.47961631
  0.44444444
  0.47961631
  0.50125313
  0.52910053
  0.47961631
  0.48309179
  0.47281324
  0.47619048
  0.49019608
  0.45045045
  0.46948357
  0.43290043
  0.46296296
  0.48309179
  0.43859649
  0.40899796
  0.42462845
  0.45045045
  0.42735043
  0.40160643
  0.46296296
  0.41152263
  0.52910053
  0.48309179
  0.44150110
  0.47961631
  0.47281324
  0.48661800
  0.51282051
  0.49382716
  0.50125313
  0.48309179
  0.49019608
  0.47619048
  0.50890585
  0.44444444
  0.47281324
  0.47281324
  0.44150110
  0.47619048
  0.48309179
  0.47281324
  0.47619048
  0.49019608
  0.46296296
  0.46620047
  0.47619048
  0.49382716
  0.41928721
  0.46296296
  0.46948357
  0.47961631
  0.56497175
  0.50125313
  0.50125313
  0.55096419
  0.50890585
  0.47961631
  0.43572985
  0.48309179
  0.47281324
  0.48309179
  0.48661800
  0.52083333
  0.43010753
  0.46948357
  0.49382716
  0.55555556
  0.51282051
  0.47619048
  0.45351474
  0.45045045
  0.47961631
  0.52910053
  0.50890585
  0.52083333
  0.54200542
  0.47619048
  0.50890585
  0.52910053
  0.49019608
  0.46948357
  0.42735043
  0.46296296
  0.52083333
  0.45045045
  0.44150110
  0.40899796
  0.48309179
  0.56497175
  0.52083333
  0.48309179
  0.42462845
  0.49019608
  0.42194093
  0.47619048
  0.49382716
  0.51282051
  0.49751244
  0.47619048
  0.52083333
  0.49019608
  0.44150110
  0.49751244
