  0.49751244
  0.51679587
  0.51679587
  0.47961631
  0.50890585
  0.50890585
  0.50505051
  0.49751244
  0.50890585
  0.50505051
  0.49382716
  0.48661800
  0.50125313
  0.50890585
  0.52493438
  0.47961631
  0.48309179
  0.47619048
  0.48661800
  0.47961631
  0.48309179
  0.52910053
  0.52083333
  0.49751244
  0.49382716
  0.49751244
  0.52910053
  0.51282051
  0.52910053
  0.50505051
  0.51679587
  0.51679587
  0.50890585
  0.48309179
  0.49019608
  0.51282051
  0.52910053
  0.53333333
  0.50890585
  0.49019608
  0.49382716
  0.49019608
  0.52910053
  0.50505051
  0.50505051
  0.48661800
  0.54200542
  0.51282051
  0.50505051
  0.51282051
  0.51282051
  0.49019608
  0.51679587
  0.49751244
  0.49382716
  0.50125313
  0.49751244
  0.54200542
  0.53333333
  0.49751244
  0.50505051
  0.51282051
  0.49019608
  0.47961631
  0.48661800
  0.50125313
  0.52083333
  0.50890585
  0.50125313
  0.51679587
  0.50125313
  0.49751244
  0.49751244
  0.50125313
  0.50125313
  0.50890585
  0.52910053
  0.48661800
  0.50890585
  0.49019608
  0.52910053
  0.53763441
  0.49751244
  0.52083333
  0.51282051
  0.50505051
  0.53763441
  0.50890585
  0.51282051
  0.50890585
  0.50125313
  0.49382716
  0.50890585
  0.49019608
  0.52083333
  0.52493438
  0.50890585
  0.50125313
  0.50505051
  0.51282051
  0.51282051
  0.50890585
  0.49019608
  0.49751244
  0.50505051
  0.50890585
  0.49751244
  0.53333333
  0.50890585
  0.49382716
  0.50505051
  0.52910053
  0.48309179
  0.51282051
  0.50125313
  0.52910053
  0.51282051
  0.47281324
  0.51282051
  0.50505051
  0.53333333
  0.48309179
  0.52083333
  0.49382716
  0.53333333
  0.55096419
  0.51282051
  0.51282051
  0.51282051
  0.50125313
  0.53763441
  0.52910053
  0.49019608
  0.50505051
  0.53763441
  0.50505051
  0.52083333
  0.49019608
  0.52083333
  0.50505051
  0.52910053
  0.50890585
  0.49382716
  0.49751244
  0.52910053
  0.52910053
  0.50505051
  0.49751244
  0.50890585
  0.50125313
  0.50125313
  0.49019608
  0.49751244
  0.51282051
  0.49019608
  0.52083333
  0.51282051
  0.49382716
  0.50890585
  0.49751244
  0.51282051
  0.52083333
  0.52083333
  0.49382716
  0.49019608
  0.52910053
  0.50125313
  0.53333333
  0.50125313
  0.49751244
  0.50890585
  0.49751244
  0.51282051
  0.51679587
  0.49019608
  0.49019608
  0.49751244
  0.50125313
  0.49751244
  0.49019608
  0.49751244
  0.53763441
  0.51679587
  0.52493438
  0.51679587
  0.52493438
  0.48661800
  0.52493438
  0.50125313
  0.50125313
  0.49019608
  0.51679587
  0.51282051
  0.52083333
  0.52083333
  0.50505051
  0.50505051
  0.49382716
  0.49751244
  0.51679587
  0.51679587
  0.51282051
  0.49019608
  0.49751244
  0.50125313
  0.52083333
  0.54644809
  0.50125313
  0.49019608
  0.49382716
  0.52083333
  0.48309179
  0.50505051
  0.51679587
  0.49751244
  0.51679587
  0.49751244
  0.48661800
  0.50890585
  0.52910053
  0.51679587
  0.52493438
  0.49382716
  0.53333333
  0.50125313
  0.48309179
  0.52910053
  0.49382716
  0.49382716
  0.49382716
  0.50125313
  0.49382716
  0.50890585
  0.52910053
  0.52083333
  0.51282051
  0.50505051
  0.51679587
  0.49751244
  0.49382716
  0.49019608
  0.50890585
  0.50505051
  0.49751244
  0.49751244
  0.55555556
  0.49751244
  0.47619048
  0.52083333
  0.48661800
