  0.57471264
  0.56980057
  0.58479532
  0.56980057
  0.52493438
  0.51282051
  0.56497175
  0.57971014
  0.57971014
  0.58479532
  0.51679587
  0.54644809
  0.56497175
  0.53763441
  0.51679587
  0.58997050
  0.54644809
  0.54644809
  0.57971014
  0.56022409
  0.58479532
  0.56497175
  0.56980057
  0.60606061
  0.60606061
  0.56022409
  0.56497175
  0.55096419
  0.56022409
  0.56980057
  0.55096419
  0.57971014
  0.56497175
  0.59523810
  0.56497175
  0.58479532
  0.56497175
  0.55555556
  0.54644809
  0.60606061
  0.58479532
  0.57471264
  0.56022409
  0.57471264
  0.56497175
  0.59523810
  0.56980057
  0.55555556
  0.59523810
  0.58997050
  0.58997050
  0.54644809
  0.57471264
  0.57471264
  0.54200542
  0.56497175
  0.60060060
  0.58479532
  0.57971014
  0.56980057
  0.57471264
  0.56497175
  0.56497175
  0.56980057
  0.53333333
  0.56980057
  0.56497175
  0.57971014
  0.56980057
  0.56022409
  0.56980057
  0.56497175
  0.56497175
  0.57471264
  0.54644809
  0.56497175
  0.56980057
  0.57971014
  0.55096419
  0.56022409
  0.60606061
  0.57971014
  0.57971014
  0.57971014
  0.62305296
  0.56497175
  0.57971014
  0.54200542
  0.53763441
  0.60060060
  0.59523810
  0.57471264
  0.52493438
  0.56497175
  0.55096419
  0.60060060
  0.60606061
  0.61162080
  0.55555556
  0.53333333
  0.57471264
  0.56980057
  0.60606061
  0.61162080
  0.65359477
  0.57471264
  0.56497175
  0.60060060
  0.55096419
  0.56497175
  0.62305296
  0.58479532
  0.60060060
  0.54200542
  0.57971014
  0.50505051
  0.56980057
  0.58997050
  0.58997050
  0.57471264
  0.61162080
  0.56980057
  0.60606061
  0.49019608
  0.56980057
  0.57471264
  0.58479532
  0.56497175
  0.59523810
  0.55096419
  0.58997050
  0.60606061
  0.57471264
  0.61728395
  0.53763441
  0.55096419
  0.58997050
  0.61162080
  0.57471264
  0.57471264
  0.53763441
  0.57971014
  0.55555556
  0.60606061
  0.62305296
  0.57971014
  0.56980057
  0.58479532
  0.58479532
  0.55555556
  0.56497175
  0.59523810
  0.55555556
  0.56497175
  0.55555556
  0.55096419
  0.56980057
  0.52493438
  0.59523810
  0.57471264
  0.53333333
  0.55555556
  0.55555556
  0.54200542
  0.56497175
  0.56497175
  0.55096419
  0.60060060
  0.56980057
  0.56022409
  0.63492063
  0.61162080
  0.56980057
  0.58997050
  0.54644809
  0.58479532
  0.59523810
  0.55096419
  0.55555556
  0.54200542
  0.57971014
  0.54644809
  0.59523810
  0.59523810
  0.61728395
  0.56497175
  0.56497175
  0.56497175
  0.57471264
  0.58997050
  0.56022409
  0.61728395
  0.56022409
  0.55555556
  0.61162080
  0.57971014
  0.55096419
  0.55555556
  0.57471264
  0.54200542
  0.58479532
  0.56980057
  0.56980057
  0.57971014
  0.58479532
  0.56497175
  0.58479532
  0.59523810
  0.59523810
  0.52493438
  0.57471264
  0.56497175
  0.54644809
  0.56022409
  0.57971014
  0.60606061
  0.53333333
  0.55096419
  0.56497175
  0.57471264
  0.54644809
  0.55096419
  0.57971014
  0.56497175
  0.58479532
  0.59523810
  0.58997050
  0.57471264
  0.56022409
  0.59523810
  0.62893082
  0.58997050
  0.58479532
  0.54200542
  0.56980057
  0.58479532
  0.60060060
  0.56497175
  0.57471264
  0.53763441
  0.60060060
  0.60606061
  0.55555556
  0.52083333
  0.53333333
  0.60606061
  0.58997050
  0.61728395
  0.56022409
  0.60606061
