  0.57224607
  0.57720058
  0.51880674
  0.57224607
  0.58224163
  0.53120850
  0.55096419
  0.55096419
  0.54644809
  0.56980057
  0.57471264
  0.58737151
  0.58224163
  0.55788006
  0.56497175
  0.56497175
  0.57971014
  0.57471264
  0.56022409
  0.57471264
  0.57971014
  0.56737589
  0.57971014
  0.56258790
  0.59259259
  0.56737589
  0.57471264
  0.55325035
  0.59259259
  0.57471264
  0.56980057
  0.56737589
  0.55096419
  0.57224607
  0.56497175
  0.56737589
  0.56980057
  0.55555556
  0.57471264
  0.55555556
  0.59259259
  0.57971014
  0.59259259
  0.56022409
  0.56737589
  0.58479532
  0.54421769
  0.57471264
  0.60882801
  0.54421769
  0.57224607
  0.60882801
  0.61162080
  0.58224163
  0.55788006
  0.60331825
  0.56980057
  0.53981107
  0.57971014
  0.58224163
  0.58997050
  0.54200542
  0.57224607
  0.57471264
  0.57224607
  0.59790732
  0.59523810
  0.54421769
  0.60060060
  0.57471264
  0.55788006
  0.57971014
  0.60060060
  0.57720058
  0.56980057
  0.57971014
  0.56022409
  0.55325035
  0.54644809
  0.58479532
  0.54421769
  0.54869684
  0.56497175
  0.57471264
  0.56497175
  0.62305296
  0.57971014
  0.56497175
  0.57224607
  0.54869684
  0.56258790
  0.59523810
  0.58997050
  0.56497175
  0.58224163
  0.58737151
  0.55788006
  0.59523810
  0.55325035
  0.55788006