  0.50697085
  0.49751244
  0.50890585
  0.50125313
  0.50697085
  0.49019608
  0.50505051
  0.50125313
  0.47961631
  0.48309179
  0.50505051
  0.50890585
  0.49566295
  0.52083333
  0.51679587
  0.51679587
  0.49566295
  0.50125313
  0.53120850
  0.49937578
  0.49200492
  0.51679587
  0.49566295
  0.52700922
  0.50890585
  0.50125313
  0.50697085
  0.49751244
  0.51880674
  0.51480051
  0.50890585
  0.48484848
  0.49382716
  0.51480051
  0.50890585
  0.49937578
  0.49937578
  0.50505051
  0.50697085
  0.49937578
  0.53333333
  0.50890585
  0.50890585
  0.52287582
  0.51085568
  0.49751244
  0.49937578
  0.52287582
  0.50505051
  0.50890585
  0.51085568
  0.49382716
  0.50697085
  0.51480051
  0.50125313
  0.51679587
  0.49751244
  0.51480051
  0.49200492
  0.50890585
  0.50697085
  0.50697085
  0.54200542
  0.51282051
  0.50697085
  0.53333333
  0.49751244
  0.52083333
  0.50505051
  0.51282051
  0.51880674
  0.49566295
  0.52910053
  0.50125313
  0.50505051
  0.49566295
  0.50505051
  0.50505051
  0.50314465
  0.50314465
  0.51679587
  0.50697085
  0.50890585
  0.51679587
  0.49937578
  0.50314465
  0.51480051
  0.49019608
  0.49937578
  0.49382716
  0.51679587
  0.52083333
  0.52083333
  0.50505051
  0.50125313
  0.50314465
  0.51679587
  0.51282051
  0.49937578
  0.50697085