  0.43431053
  0.45045045
  0.45351474
  0.45977011
  0.46620047
  0.44742729
  0.45045045
  0.47281324
  0.44444444
  0.48134777
  0.44893378
  0.45351474
  0.44444444
  0.44742729
  0.43431053
  0.43572985
  0.43572985
  0.47449585
  0.45662100
  0.45819015
  0.49382716
  0.43859649
  0.49751244
  0.45977011
  0.47961631
  0.51880674
  0.46136101
  0.44593088
  0.44444444
  0.47281324
  0.45197740
  0.46620047
  0.47961631
  0.46783626
  0.45977011
  0.47789725
  0.49019608
  0.44742729
  0.46948357
  0.46783626
  0.48309179
  0.46948357
  0.46296296
  0.44150110
  0.46296296
  0.46457607
  0.43431053
  0.43431053
  0.48134777
  0.43010753
  0.49937578
  0.50505051
  0.46136101
  0.50125313
  0.44296788
  0.42872454
  0.46136101
  0.45506257
  0.46620047
  0.48484848
  0.46457607
  0.47449585
  0.46783626
  0.46783626
  0.49200492
  0.48840049
  0.50505051
  0.49382716
  0.48840049
  0.44444444
  0.49566295
  0.46783626
  0.50125313
  0.46136101
  0.51480051
  0.48134777
  0.47449585
  0.46948357
  0.45045045
  0.47281324
  0.42328042
  0.43715847
  0.41407867
  0.43572985
  0.50505051
  0.45977011
  0.47961631
  0.50314465
  0.49200492
  0.48309179
  0.47449585
  0.47281324
  0.45819015
  0.47789725
  0.48309179
  0.46457607
  0.48484848
  0.44004400
  0.47449585
  0.53120850