  0.49019608
  0.50505051
  0.51282051
  0.52083333
  0.54644809
  0.49019608
  0.47619048
  0.48309179
  0.49019608
  0.52910053
  0.50505051
  0.51282051
  0.49751244
  0.51282051
  0.49019608
  0.50505051
  0.49751244
  0.52083333
  0.49019608
  0.52083333
  0.49751244
  0.49019608
  0.51282051
  0.46296296
  0.49019608
  0.51282051
  0.50505051
  0.51282051
  0.53763441
  0.51282051
  0.47619048
  0.48309179
  0.49019608
  0.47619048
  0.47619048
  0.47619048
  0.52083333
  0.45662100
  0.47619048
  0.48309179
  0.47619048
  0.49019608
  0.53763441
  0.52083333
  0.53763441
  0.50505051
  0.49751244
  0.49751244
  0.49751244
  0.49019608
  0.49019608
  0.50505051
  0.52083333
  0.53763441
  0.52910053
  0.49751244
  0.54644809
  0.51282051
  0.50505051
  0.50505051
  0.50505051
  0.52910053
  0.54644809
  0.49019608
  0.52083333
  0.49751244
  0.49751244
  0.46948357
  0.47619048
  0.50505051
  0.52910053
  0.49751244
  0.52083333
  0.53763441
  0.55555556
  0.51282051
  0.50505051
  0.51282051
  0.49751244
  0.48309179
  0.52083333
  0.46948357
  0.51282051
  0.46948357
  0.53763441
  0.52083333
  0.52083333
  0.49019608
  0.52083333
  0.49019608
  0.50505051
  0.46948357
  0.52910053
  0.55555556
  0.53763441
  0.49019608
  0.52910053
  0.48309179
  0.48309179
  0.54644809
  0.53763441
  0.49019608
  0.48309179
  0.49751244
  0.53763441
  0.49751244
  0.49751244
  0.49751244
  0.51282051
  0.47619048
  0.49019608
  0.51282051
  0.49019608
  0.50505051
  0.52910053
  0.55555556
  0.54644809
  0.52083333
  0.50505051
  0.49019608
  0.50505051
  0.50505051
  0.49019608
  0.53763441
  0.50505051
  0.47619048
  0.48309179
  0.47619048
  0.49751244
  0.47619048
  0.46296296
  0.54644809
  0.50505051
  0.53763441
  0.52910053
  0.49019608
  0.50505051
  0.49751244
  0.50505051
  0.52910053
  0.49019608
  0.51282051
  0.50505051
  0.49019608
  0.50505051
  0.49019608
  0.49019608
  0.51282051
  0.49751244
  0.50505051
  0.52083333
  0.49751244
  0.50505051
  0.55555556
  0.49019608
  0.48309179
  0.51282051
  0.50505051
  0.49019608
  0.49019608
  0.51282051
  0.54644809
  0.55555556
  0.52083333
  0.51282051
  0.48309179
  0.52083333
  0.52083333
  0.48309179
  0.54644809
  0.51282051
  0.49751244
  0.53763441
  0.53763441
  0.51282051
  0.50505051
  0.49751244
  0.52910053
  0.49751244
  0.52083333
  0.48309179
  0.52083333
  0.46948357
  0.52083333
  0.49751244
  0.52083333
  0.50505051
  0.47619048
  0.51282051
  0.52910053
  0.51282051
  0.53763441
  0.49751244
  0.52083333
  0.49751244
  0.50505051
  0.52083333
  0.49019608
  0.52083333
  0.50505051
  0.51282051
  0.51282051
  0.53763441
  0.48309179
  0.51282051
  0.46948357
  0.48309179
  0.51282051
  0.50505051
  0.50505051
  0.52083333
  0.49751244
  0.52083333
  0.47619048
  0.53763441
  0.52910053
  0.49019608
  0.52910053
  0.49019608
  0.49751244
  0.49751244
  0.51282051
  0.51282051
  0.54644809
  0.47619048
  0.49019608
  0.53763441
  0.49019608
  0.50505051
  0.49751244
  0.53763441
  0.52083333
  0.52910053
  0.49751244
  0.46948357
  0.47619048
  0.52083333
  0.50505051
  0.47619048
  0.53763441
  0.52083333
  0.54644809
  0.49751244
  0.46948357
  0.53763441
  0.50505051
  0.48309179
  0.50505051
  0.55555556
  0.51282051
  0.55555556
  0.54644809
  0.49751244
  0.52910053
  0.52910053
  0.49751244
  0.50505051
  0.52083333
  0.49751244
  0.50505051
  0.52910053
  0.54644809
  0.51282051
  0.54644809
  0.50505051
  0.47619048
  0.52083333
  0.49019608
  0.54644809
  0.52910053
  0.49019608
  0.52083333
  0.50505051
  0.53763441
  0.48309179
  0.49751244
  0.49751244
  0.54644809
  0.46296296
  0.55555556
  0.53763441
  0.52083333
  0.52910053
  0.49019608
  0.48309179
  0.50505051
  0.49019608
  0.50505051
  0.52910053
  0.52910053
  0.52910053
  0.52910053
  0.49019608
  0.52083333
  0.50505051
  0.49019608
  0.49751244
  0.52083333
  0.51282051
  0.49019608
  0.52910053
  0.47619048
  0.49019608
  0.49019608
  0.51282051
  0.48309179
  0.50505051
  0.52083333
  0.49751244
  0.48309179
  0.52083333
  0.52083333
  0.50505051
  0.52083333
  0.46948357
  0.52083333
  0.50505051
  0.51282051
  0.49019608
  0.50505051
  0.51282051
  0.51282051
  0.51282051
  0.52910053
  0.52910053
  0.51282051
  0.50505051
  0.48309179
  0.46948357
  0.51282051
  0.55555556
  0.50505051
  0.49019608
  0.51282051
  0.50505051
  0.56497175
  0.49751244
  0.50505051
  0.49751244
  0.49751244
  0.52910053
  0.49019608
  0.49019608
  0.50505051
  0.49751244
  0.52910053
  0.51282051
  0.52083333
  0.49019608
  0.49019608
  0.49019608
  0.49019608
  0.47619048
  0.52083333
  0.49751244
  0.50505051
  0.49751244
  0.49751244
  0.49019608
  0.49019608
  0.49019608
  0.50505051
  0.55555556
  0.52083333
  0.53763441
  0.49751244
  0.55555556
  0.49751244
  0.53763441
  0.49751244
  0.50505051
  0.54644809
  0.49751244
  0.47619048
  0.51282051
  0.53763441
  0.49751244
  0.50505051
  0.49019608
  0.51282051
  0.48309179
  0.49751244
  0.50505051
  0.52910053
  0.50505051
  0.52083333
  0.54644809
  0.49751244
  0.51282051
  0.52910053
  0.50505051
  0.50505051
  0.49751244
  0.51282051
  0.50505051
  0.48309179
  0.49019608
  0.50505051
  0.49019608
  0.54644809
  0.52083333
  0.51282051
  0.50505051
  0.52083333
  0.49751244
  0.48309179
  0.49019608
  0.50505051
  0.49019608
  0.51282051
  0.53763441
  0.50505051
  0.55555556
  0.53763441
  0.48309179
  0.52083333
  0.50505051
  0.47619048
  0.51282051
  0.47619048
  0.52083333
  0.52083333
  0.46296296
  0.50505051
  0.49751244
  0.51282051
  0.52083333
  0.51282051
  0.49019608
  0.50505051
  0.54644809
  0.49019608
  0.49019608
  0.50505051
  0.48309179
  0.49019608
  0.52083333
  0.49751244
  0.52910053
  0.52910053
  0.50505051
  0.52910053
  0.53763441
  0.51282051
  0.48309179
  0.50505051
  0.51282051
  0.55555556
  0.47619048
  0.52910053
  0.48309179
  0.48309179
  0.54644809
  0.51282051
  0.49751244
  0.49019608
  0.51282051
  0.47619048
  0.50505051
  0.48309179
  0.50505051
  0.49751244
  0.47619048
  0.51282051
  0.50505051
  0.51282051
  0.52083333
  0.53763441
  0.51282051
  0.52910053
  0.52083333
  0.50505051
  0.53763441
  0.47619048
  0.52083333
  0.51282051
  0.50505051
  0.49019608
  0.49751244
  0.49019608
  0.49019608
  0.49019608
  0.50505051
  0.51282051
  0.50505051
  0.50505051
  0.49751244
  0.49751244
  0.48309179
  0.51282051
  0.53763441
  0.57471264
  0.51282051
  0.48309179
  0.47619048
  0.47619048
  0.53763441
  0.50505051
  0.49019608
  0.48309179
