  0.42194093
  0.45045045
  0.42735043
  0.43859649
  0.46296296
  0.43290043
  0.44444444
  0.46296296
  0.45662100
  0.43859649
  0.46948357
  0.45045045
  0.45045045
  0.43290043
  0.49751244
  0.46296296
  0.47619048
  0.50505051
  0.46296296
  0.42735043
  0.44444444
  0.45662100
  0.41666667
  0.47619048
  0.43859649
  0.44444444
  0.47619048
  0.44444444
  0.46296296
  0.45662100
  0.51282051
  0.46296296
  0.43859649
  0.45045045
  0.45662100
  0.43290043
  0.46948357
  0.49019608
  0.46948357
  0.49751244
  0.47619048
  0.43859649
  0.42194093
  0.46296296
  0.49019608
  0.42194093
  0.45662100
  0.45045045
  0.50505051
  0.42735043
  0.44444444
  0.41152263
  0.44444444
  0.43290043
  0.46296296
  0.45045045
  0.42194093
  0.45045045
  0.42194093
  0.44444444
  0.46948357
  0.42735043
  0.42194093
  0.42735043
  0.44444444
  0.45045045
  0.42735043
  0.42194093
  0.48309179
  0.49019608
  0.45045045
  0.47619048
  0.50505051
  0.46296296
  0.41666667
  0.45045045
  0.51282051
  0.42735043
  0.44444444
  0.45662100
  0.46296296
  0.52083333
  0.48309179
  0.51282051
  0.46296296
  0.44444444
  0.42735043
  0.42194093
  0.50505051
  0.49019608
  0.55555556
  0.45045045
  0.48309179
  0.48309179
  0.44444444
  0.43290043
  0.45045045
  0.46296296
  0.51282051
  0.49751244
  0.49019608
  0.52910053
  0.54644809
  0.51282051
  0.49751244
  0.43290043
  0.42735043
  0.49751244
  0.45045045
  0.46296296
  0.43859649
  0.43290043
  0.43859649
  0.45045045
  0.41666667
  0.47619048
  0.50505051
  0.43859649
  0.49751244
  0.45662100
  0.47619048
  0.46296296
  0.43290043
  0.43859649
  0.42735043
  0.43859649
  0.52910053
  0.48309179
  0.46948357
  0.49751244
  0.47619048
  0.47619048
  0.43859649
  0.41666667
  0.54644809
  0.49019608
  0.41666667
  0.45045045
  0.52083333
  0.46296296
  0.52910053
  0.46948357
  0.49019608
  0.43290043
  0.52083333
  0.45662100
  0.54644809
  0.45045045
  0.44444444
  0.45662100
  0.44444444
  0.44444444
  0.42735043
  0.51282051
  0.49751244
  0.45045045
  0.44444444
  0.45045045
  0.48309179
  0.49751244
  0.48309179
  0.49751244
  0.50505051
  0.45045045
  0.45662100
  0.49751244
  0.45045045
  0.47619048
  0.45045045
  0.46948357
  0.45045045
  0.48309179
  0.47619048
  0.40650407
  0.40650407
  0.49019608
  0.46948357
  0.46948357
  0.45045045
  0.46296296
  0.47619048
  0.47619048
  0.47619048
  0.43290043
  0.41666667
  0.42735043
  0.43290043
  0.46296296
  0.43859649
  0.43290043
  0.43859649
  0.42735043
  0.48309179
  0.51282051
  0.43859649
  0.49751244
  0.45045045
  0.43859649
  0.41152263
  0.42194093
  0.50505051
  0.44444444
  0.52083333
  0.53763441
  0.52910053
  0.52910053
  0.49751244
  0.46948357
  0.43290043
  0.52083333
  0.46948357
  0.43290043
  0.56497175
  0.45045045
  0.46296296
  0.54644809
  0.50505051
  0.42735043
  0.41152263
  0.43859649
  0.42194093
  0.43859649
  0.41152263
  0.44444444
  0.52083333
  0.41666667
  0.47619048
  0.44444444
  0.45045045
  0.45045045
  0.46948357
  0.45045045
  0.49019608
  0.47619048
  0.43290043
  0.46948357
  0.43859649
  0.49019608
  0.52910053
  0.49019608
  0.46948357
  0.42735043
  0.50505051
  0.46296296
  0.46948357
  0.49751244
  0.52910053
  0.41666667
  0.46296296
  0.46296296
  0.46296296
  0.48309179
  0.49751244
  0.46948357
  0.45045045
  0.45662100
  0.53763441
  0.50505051
  0.47619048
  0.45662100
  0.48309179
  0.52910053
  0.49019608
  0.45662100
  0.52910053
  0.48309179
  0.49751244
  0.51282051
  0.51282051
  0.49019608
  0.50505051
  0.46948357
  0.45045045
  0.49019608
  0.52910053
  0.49019608
  0.41666667
  0.46948357
  0.42194093
  0.47619048
  0.47619048
  0.55555556
  0.51282051
  0.45045045
  0.52083333
  0.43290043
  0.46296296
  0.46296296
  0.53763441
  0.51282051
  0.45662100
  0.50505051
  0.43290043
  0.45662100
  0.49751244
  0.46296296
  0.48309179
  0.52083333
  0.51282051
  0.54644809
  0.46296296
  0.49751244
  0.49751244
  0.46948357
  0.45045045
  0.49751244
  0.43859649
  0.52083333
  0.50505051
  0.47619048
  0.42735043
  0.47619048
  0.46296296
  0.47619048
  0.42194093
  0.44444444
  0.42735043
  0.50505051
  0.51282051
  0.45662100
  0.43290043
  0.44444444
  0.41152263
  0.40650407
  0.39682540
  0.45662100
  0.46296296
  0.43859649
  0.43859649
  0.41666667
  0.38759690
  0.41666667
  0.44444444
  0.48309179
  0.42194093
  0.40160643
  0.54644809
  0.51282051
  0.48309179
  0.48309179
  0.43290043
  0.45045045
  0.52083333
  0.44444444
  0.46948357
  0.47619048
  0.46296296
  0.51282051
  0.52910053
  0.49751244
  0.54644809
  0.45045045
  0.52910053
  0.47619048
  0.48309179
  0.48309179
  0.49019608
  0.49019608
  0.46296296
  0.49019608
  0.51282051
  0.50505051
  0.42194093
  0.46948357
  0.50505051
  0.44444444
  0.45662100
  0.49019608
  0.47619048
  0.41152263
  0.45045045
  0.50505051
  0.49751244
  0.46948357
  0.47619048
  0.46948357
  0.46296296
  0.49019608
  0.51282051
  0.46948357
  0.50505051
  0.42735043
  0.46948357
  0.46296296
  0.44444444
  0.51282051
  0.47619048
  0.51282051
  0.42735043
  0.41152263
  0.49019608
  0.43859649
  0.43290043
  0.51282051
  0.48309179
  0.47619048
  0.55555556
  0.57471264
  0.50505051
  0.49751244
  0.49751244
  0.50505051
  0.54644809
  0.55555556
  0.49751244
  0.52083333
  0.52910053
  0.43859649
  0.45045045
  0.42194093
  0.49751244
  0.46948357
  0.48309179
  0.46296296
  0.48309179
  0.48309179
  0.49751244
  0.47619048
  0.54644809
  0.49751244
  0.43290043
  0.42735043
  0.43859649
  0.50505051
  0.49751244
  0.49019608
  0.55555556
  0.55555556
  0.51282051
  0.51282051
  0.47619048
  0.47619048
  0.44444444
  0.46296296
  0.44444444
  0.45662100
  0.45662100
  0.50505051
  0.50505051
  0.55555556
  0.53763441
  0.48309179
  0.51282051
  0.52910053
  0.53763441
  0.54644809
  0.48309179
  0.46948357
  0.49751244
  0.52083333
  0.50505051
  0.55555556
  0.50505051
  0.47619048
  0.52910053
  0.42194093
  0.45662100
  0.40160643
  0.45045045
  0.47619048
  0.50505051
  0.53763441
  0.45662100
  0.44444444
  0.44444444
  0.43859649
  0.38314176
  0.43859649
  0.45662100
  0.51282051
  0.58479532
  0.54644809
  0.50505051
  0.53763441
  0.46948357
  0.49751244
  0.45045045
  0.40160643
  0.50505051
  0.47619048
  0.42194093
  0.42194093
  0.45045045
  0.50505051
  0.49751244
  0.49019608
  0.46948357
  0.56497175
  0.52910053
  0.46948357
  0.45662100
  0.49751244
  0.53763441
  0.50505051
  0.54644809
  0.44444444
  0.45662100
  0.42735043
  0.51282051
  0.48309179
