  0.55555556
  0.59523810
  0.57471264
  0.56497175
  0.53763441
  0.64102564
  0.56497175
  0.57471264
  0.56497175
  0.49019608
  0.53763441
  0.49019608
  0.56497175
  0.56497175
  0.53763441
  0.62893082
  0.60606061
  0.55555556
  0.59523810
  0.57471264
  0.52083333
  0.51282051
  0.52083333
  0.57471264
  0.58479532
  0.54644809
  0.52910053
  0.54644809
  0.49751244
  0.53763441
  0.60606061
  0.57471264
  0.53763441
  0.55555556
  0.52910053
  0.56497175
  0.61728395
  0.54644809
  0.54644809
  0.57471264
  0.60606061
  0.56497175
  0.55555556
  0.57471264
  0.57471264
  0.56497175
  0.60606061
  0.60606061
  0.62893082
  0.58479532
  0.54644809
  0.57471264
  0.64102564
  0.50505051
  0.53763441
  0.56497175
  0.54644809
  0.57471264
  0.58479532
  0.55555556
  0.57471264
  0.52910053
  0.58479532
  0.57471264
  0.58479532
  0.54644809
  0.60606061
  0.58479532
  0.57471264
  0.55555556
  0.62893082
  0.54644809
  0.56497175
  0.56497175
  0.57471264
  0.53763441
  0.54644809
  0.54644809
  0.60606061
  0.60606061
  0.59523810
  0.57471264
  0.58479532
  0.56497175
  0.56497175
  0.55555556
  0.60606061
  0.54644809
  0.54644809
  0.58479532
  0.61728395
  0.57471264
  0.59523810
  0.54644809
  0.54644809
  0.56497175
  0.59523810
  0.59523810
  0.54644809
  0.64102564
  0.58479532
  0.59523810
  0.56497175
  0.52910053
  0.54644809
  0.60606061
  0.58479532
  0.56497175
  0.50505051
  0.58479532
  0.54644809
  0.58479532
  0.62893082
  0.57471264
  0.58479532
  0.58479532
  0.56497175
  0.59523810
  0.54644809
  0.59523810
  0.58479532
  0.56497175
  0.57471264
  0.55555556
  0.57471264
  0.55555556
  0.55555556
  0.58479532
  0.58479532
  0.49019608
  0.54644809
  0.59523810
  0.53763441
  0.59523810
  0.59523810
  0.56497175
  0.52083333
  0.62893082
  0.57471264
  0.54644809
  0.56497175
  0.57471264
  0.55555556
  0.57471264
  0.54644809
  0.58479532
  0.58479532
  0.56497175
  0.54644809
  0.54644809
  0.57471264
  0.55555556
  0.52910053
  0.61728395
  0.59523810
  0.56497175
  0.58479532
  0.52083333
  0.56497175
  0.55555556
  0.56497175
  0.65359477
  0.61728395
  0.54644809
  0.53763441
  0.62893082
  0.60606061
  0.55555556
  0.60606061
  0.64102564
  0.56497175
  0.56497175
  0.57471264
  0.58479532
  0.54644809
  0.53763441
  0.53763441
  0.53763441
  0.57471264
  0.62893082
  0.60606061
  0.58479532
  0.55555556
  0.59523810
  0.50505051
  0.54644809
  0.59523810
  0.53763441
  0.56497175
  0.53763441
  0.62893082
  0.57471264
  0.62893082
  0.58479532
  0.59523810
  0.62893082
  0.51282051
  0.60606061
  0.56497175
  0.50505051
  0.53763441
  0.61728395
  0.58479532
  0.55555556
  0.60606061
  0.60606061
  0.69444444
  0.54644809
  0.62893082
  0.68027211
  0.54644809
  0.60606061
  0.55555556
  0.57471264
  0.64102564
  0.56497175
  0.58479532
  0.52083333
  0.58479532
  0.54644809
  0.60606061
  0.64102564
  0.59523810
  0.57471264
  0.57471264
  0.62893082
  0.54644809
  0.53763441
  0.56497175
  0.59523810
  0.52910053
  0.48309179
  0.54644809
  0.59523810
  0.64102564
  0.54644809
  0.59523810
  0.58479532
  0.58479532
  0.56497175
  0.58479532
  0.64102564
  0.55555556
  0.58479532
  0.61728395
  0.59523810
  0.47619048
  0.50505051
  0.57471264
  0.56497175
  0.58479532
  0.56497175
  0.56497175
  0.60606061
  0.55555556
  0.57471264
  0.58479532
  0.60606061
  0.54644809
  0.55555556
  0.60606061
  0.57471264
  0.59523810
  0.61728395
  0.58479532
  0.56497175
  0.61728395
  0.61728395
  0.54644809
  0.52910053
  0.55555556
  0.54644809
  0.61728395
  0.56497175
  0.55555556
  0.68027211
  0.60606061
  0.54644809
  0.58479532
  0.56497175
  0.55555556
  0.52083333
  0.58479532
  0.57471264
  0.53763441
  0.57471264
  0.64102564
  0.57471264
  0.58479532
  0.66666667
  0.59523810
  0.56497175
  0.57471264
  0.56497175
  0.53763441
  0.64102564
  0.57471264
  0.59523810
  0.53763441
  0.57471264
  0.55555556
  0.57471264
  0.57471264
  0.61728395
  0.57471264
  0.53763441
  0.56497175
  0.56497175
  0.58479532
  0.52910053
  0.53763441
  0.56497175
  0.56497175
  0.57471264
  0.52083333
  0.52910053
  0.60606061
  0.58479532
  0.56497175
  0.58479532
  0.53763441
  0.52910053
  0.57471264
  0.53763441
  0.59523810
  0.52083333
  0.57471264
  0.51282051
  0.55555556
  0.57471264
  0.55555556
  0.57471264
  0.56497175
  0.53763441
  0.60606061
  0.59523810
  0.55555556
  0.58479532
  0.54644809
  0.57471264
  0.62893082
  0.64102564
  0.62893082
  0.59523810
  0.57471264
  0.56497175
  0.59523810
  0.58479532
  0.56497175
  0.52910053
  0.54644809
  0.62893082
  0.60606061
  0.58479532
  0.56497175
  0.53763441
  0.53763441
  0.57471264
  0.52083333
  0.56497175
  0.55555556
  0.60606061
  0.53763441
  0.55555556
  0.58479532
  0.60606061
  0.64102564
  0.55555556
  0.65359477
  0.58479532
  0.53763441
  0.59523810
  0.56497175
  0.56497175
  0.57471264
  0.55555556
  0.57471264
  0.57471264
  0.59523810
  0.58479532
  0.54644809
  0.57471264
  0.62893082
  0.60606061
  0.53763441
  0.58479532
  0.54644809
  0.56497175
  0.57471264
  0.65359477
  0.58479532
  0.57471264
  0.52910053
  0.57471264
  0.52910053
  0.58479532
  0.55555556
  0.59523810
  0.52910053
  0.55555556
  0.61728395
  0.55555556
  0.52083333
  0.62893082
  0.57471264
  0.56497175
  0.64102564
  0.52910053
  0.58479532
  0.58479532
  0.60606061
  0.52910053
  0.59523810
  0.57471264
  0.62893082
  0.56497175
  0.60606061
  0.58479532
  0.54644809
  0.50505051
  0.52910053
  0.62893082
  0.55555556
  0.57471264
  0.54644809
  0.54644809
  0.59523810
  0.52910053
  0.59523810
  0.56497175
  0.61728395
  0.59523810
  0.49019608
  0.58479532
  0.53763441
  0.56497175
  0.57471264
  0.55555556
  0.52910053
  0.62893082
  0.57471264
  0.52083333
  0.53763441
  0.56497175
  0.55555556
  0.60606061
  0.52083333
  0.61728395
  0.56497175
  0.60606061
  0.58479532
  0.60606061
  0.58479532
  0.59523810
  0.57471264
  0.57471264
  0.58479532
  0.53763441
  0.56497175
  0.62893082
  0.61728395
  0.64102564
  0.59523810
  0.58479532
  0.61728395
  0.55555556
  0.55555556
  0.52910053
  0.53763441
  0.60606061
  0.53763441
  0.64102564
  0.64102564
  0.56497175
  0.58479532
  0.54644809
  0.52083333
  0.64102564
  0.52910053
  0.54644809
  0.66666667
  0.54644809
  0.64102564
  0.57471264
  0.53763441
  0.57471264
  0.49751244
  0.54644809
  0.52910053
  0.53763441
  0.57471264
  0.64102564
  0.62893082
  0.55555556
  0.64102564
  0.59523810
  0.54644809
  0.57471264
  0.58479532
  0.62893082
