  0.43290043
  0.44444444
  0.45454545
  0.45248869
  0.45871560
  0.48076923
  0.44444444
  0.44843049
  0.45248869
  0.45454545
  0.46948357
  0.44642857
  0.47619048
  0.46948357
  0.45662100
  0.44247788
  0.45662100
  0.42918455
  0.44444444
  0.43859649
  0.43859649
  0.44052863
  0.44247788
  0.47169811
  0.45871560
  0.46082949
  0.45454545
  0.50505051
  0.44444444
  0.46948357
  0.49261084
  0.45248869
  0.47393365
  0.50505051
  0.51813472
  0.45045045
  0.45045045
  0.44052863
  0.46296296
  0.46296296
  0.45662100
  0.43478261
  0.49261084
  0.48309179
  0.46082949
  0.45045045
  0.50251256
  0.46296296
  0.50505051
  0.45045045
  0.43859649
  0.48543689
  0.45871560
  0.49261084
  0.46948357
  0.47393365
  0.45662100
  0.45248869
  0.45248869
  0.46082949
  0.47619048
  0.42553191
  0.44444444
  0.43290043
  0.47619048
  0.46082949
  0.44247788
  0.49751244
  0.51813472
  0.47169811
  0.48309179
  0.48309179
  0.44444444
  0.43290043
  0.45454545
  0.44444444
  0.45662100
  0.47169811
  0.44642857
  0.50251256
  0.46511628
  0.47619048
  0.46511628
  0.46948357
  0.47169811
  0.49751244
  0.47169811
  0.49019608
  0.50251256
  0.50505051
  0.47393365
  0.50251256
  0.43478261
  0.50000000
  0.49261084
  0.45248869
  0.50000000
  0.46296296
  0.48076923
  0.52631579
  0.48543689
  0.47169811
  0.48543689
  0.45871560
  0.45248869
  0.45662100
  0.46511628
  0.42016807
  0.43668122
  0.43103448
  0.41493776
  0.43290043
  0.51282051
  0.45454545
  0.47619048
  0.48309179
  0.52356021
  0.48309179
  0.48543689
  0.48076923
  0.47619048
  0.47169811
  0.47393365
  0.45248869
  0.48076923
  0.47393365
  0.49504950
  0.45248869
  0.47619048
  0.44642857
  0.45248869
  0.49019608
  0.54347826
  0.50000000
  0.53191489
  0.49261084
  0.45454545
  0.47169811
  0.48780488
  0.50505051
  0.43290043
  0.49751244
  0.54054054
  0.48780488
  0.45045045
  0.47169811
  0.53191489
  0.50761421
  0.52083333
  0.49504950
  0.52083333
  0.47169811
  0.43478261
  0.50505051
  0.44843049
  0.41841004
  0.51282051
  0.52910053
  0.47169811
  0.45662100
  0.43103448
  0.49751244
  0.51813472
  0.47393365
  0.52910053
  0.44247788
  0.74626866
