  0.50251256
  0.51813472
  0.48309179
  0.51546392
  0.50000000
  0.50761421
  0.50251256
  0.48780488
  0.50251256
  0.52083333
  0.48309179
  0.47619048
  0.48309179
  0.48309179
  0.53191489
  0.50000000
  0.49261084
  0.52083333
  0.52356021
  0.50761421
  0.52631579
  0.50251256
  0.48076923
  0.51020408
  0.53763441
  0.51020408
  0.50000000
  0.48309179
  0.52631579
  0.50000000
  0.50000000
  0.52631579
  0.49751244
  0.52356021
  0.50505051
  0.49751244
  0.49261084
  0.50251256
  0.54347826
  0.50505051
  0.50000000
  0.50505051
  0.48543689
  0.49261084
  0.52356021
  0.49751244
  0.50761421
  0.50251256
  0.49504950
  0.50505051
  0.50761421
  0.50761421
  0.50251256
  0.51546392
  0.52910053
  0.50761421
  0.51282051
  0.52356021
  0.50505051
  0.51546392
  0.49019608
  0.51282051
  0.49751244
  0.52631579
  0.50505051
  0.50505051
  0.51282051
  0.51020408
  0.48780488
  0.50761421
  0.51282051
  0.51282051
  0.50251256
  0.50251256
  0.51020408
  0.50505051
  0.51282051
  0.51546392
  0.48780488
  0.50505051
  0.52083333
  0.50251256
  0.51282051
  0.53763441
  0.51813472
  0.50761421
  0.51020408
  0.53475936
  0.50000000
  0.52083333
  0.50505051
  0.50505051
  0.50000000
  0.53763441
  0.50000000
  0.50000000
  0.52910053
  0.51282051
  0.49751244
  0.50761421
  0.49751244
  0.49504950
  0.50761421
  0.50761421
  0.49751244
  0.51282051
  0.50251256
  0.51813472
  0.51546392
  0.48780488
  0.51546392
  0.52631579
  0.50000000
  0.50505051
  0.49751244
  0.52083333
  0.49019608
  0.49504950
  0.50000000
  0.49261084
  0.51546392
  0.51813472
  0.52910053
  0.51546392
  0.49504950
  0.51282051
  0.49504950
  0.51020408
  0.52356021
  0.51282051
  0.50251256
  0.50000000
  0.49504950
  0.52631579
  0.50761421
  0.49261084
  0.51282051
  0.53191489
  0.50251256
  0.48780488
  0.50000000
  0.50505051
  0.50761421
  0.51282051
  0.49261084
  0.50251256
  0.52083333
  0.52631579
  0.50000000
  0.51813472
  0.50251256
  0.50000000
  0.49751244
  0.49504950
  0.49751244
  0.52356021
  0.52083333
  0.50505051
  0.51282051
  0.49261084
  0.49504950
  0.50761421
  0.49261084
  0.54054054
  0.49019608
  0.50505051
  0.72992701
