  0.57471264
  0.57803468
  0.56818182
  0.50505051
  0.55555556
  0.59523810
  0.56179775
  0.53475936
  0.55248619
  0.52631579
  0.57142857
  0.54945055
  0.56818182
  0.58139535
  0.56818182
  0.59171598
  0.58479532
  0.56818182
  0.54945055
  0.57142857
  0.56179775
  0.56818182
  0.58823529
  0.57471264
  0.56818182
  0.54347826
  0.60240964
  0.57471264
  0.57471264
  0.55865922
  0.59523810
  0.55248619
  0.57803468
  0.60606061
  0.54644809
  0.58479532
  0.54347826
  0.59523810
  0.57803468
  0.57803468
  0.57471264
  0.56179775
  0.57471264
  0.54054054
  0.57471264
  0.56818182
  0.56179775
  0.56818182
  0.57142857
  0.55248619
  0.55248619
  0.59171598
  0.55555556
  0.58823529
  0.56497175
  0.59523810
  0.60240964
  0.57471264
  0.54054054
  0.57803468
  0.58139535
  0.54644809
  0.56497175
  0.57803468
  0.60240964
  0.57803468
  0.53475936
  0.58479532
  0.63291139
  0.61349693
  0.56818182
  0.59171598
  0.56179775
  0.59523810
  0.58139535
  0.56818182
  0.56179775
  0.53763441
  0.59171598
  0.57803468
  0.59171598
  0.59880240
  0.51546392
  0.57142857
  0.57471264
  0.58823529
  0.56818182
  0.59523810
  0.58823529
  0.56179775
  0.57142857
  0.59523810
  0.57803468
  0.54644809
  0.56497175
  0.59523810
  0.61349693
  0.56818182
  0.58139535
  0.56818182
  0.56818182
  0.57471264
  0.57142857
  0.54347826
  0.55248619
  0.57142857
  0.56179775
  0.54644809
  0.56179775
  0.54644809
  0.56497175
  0.57803468
  0.56179775
  0.61349693
  0.59880240
  0.58139535
  0.54644809
  0.60606061
  0.54644809
  0.55248619
  0.56497175
  0.58139535
  0.61349693
  0.57142857
  0.56818182
  0.56818182
  0.57471264
  0.60240964
  0.55555556
  0.59523810
  0.56179775
  0.56179775
  0.55865922
  0.57471264
  0.57142857
  0.57471264
  0.59171598
  0.56497175
  0.59880240
  0.54347826
  0.56818182
  0.55555556
  0.57142857
  0.59171598
  0.53475936
  0.56497175
  0.57471264
  0.54054054
  0.55865922
  0.59523810
  0.59171598
  0.58139535
  0.56179775
  0.62893082
  0.59880240
  0.54644809
  0.55865922
  0.61349693
  0.54945055
  0.56818182
  0.61349693
  0.56179775
  0.52356021
  0.58139535
  0.60606061
  0.57142857
  0.90909091
